35 35 35 35 35 35 35 35 35 35 35 35 35 35 35 35 35 35 35 35 35 35 35 35 35 35 35 35 35 35 35 35 35 35 35 35 35 35 35 35 35 35 35 35 35 35 35 35 35 35 35 35 35 35 35 35 35 35 35 35 35 35 35 35 35 35 35 35 35 35 35 35 35 35 35 35 35 35 35 35 35 35 35 35 35 35 35 35 35 35 35 35 35 35 35 35 35 35 35 35 35 35 35 35 35 35 35 35 35 35 35 35 35 35 35 35 35 35 35 35 35 35 35 35 35 35 35 35 35 35 35 35 35 35 35 35 35
35 35 35 35 35 35 35 35 35 35 35 35 35 35 35 35 35 35 35 35 35 35 35 35 35 35 35 35 35 35 35 35 35 35 35 35 35 35 35 35 35 35 35 35 35 35 35 35 35 35 35 35 35 35 35 35 35 35 35 35 35 35 35 35 35 35 35 35 35 35 35 35 35 35 35 35 35 35 35 35 35 35 35 35 35 35 35 35 35 35 35 35 35 35 35 35 35 35 35 35 35 35 35 35 35 35 35 35 35 35 35 35 35 35 35 35 35 35 35 35 35 35 35 35 35 35 35 35 35 35 35 35 35 35 35 35 35
35 35 35 35 35 35 35 35 35 35 35 35 35 35 35 35 35 35 35 35 35 35 35 35 35 35 35 35 35 35 35 35 35 35 35 35 35 35 35 35 35 35 35 35 35 35 35 35 35 35 35 35 35 35 35 35 35 35 35 35 35 35 35 35 35 35 35 35 35 35 35 35 35 35 35 35 35 35 35 35 35 35 35 35 35 35 35 35 35 35 35 35 35 35 35 35 35 35 35 35 35 35 35 35 35 35 35 35 35 35 35 35 35 35 35 35 35 35 35 35 35 35 35 35 35 35 35 35 35 35 35 35 35 35 35 35 35
35 35 35 35 35 35 35 35 35 35 35 35 35 35 35 35 35 35 35 35 35 35 35 35 35 35 35 35 35 35 35 35 35 35 35 35 35 35 35 35 35 35 35 35 35 35 35 35 35 35 35 35 35 35 35 35 35 35 35 35 35 35 35 35 35 35 35 35 35 35 35 35 35 35 35 35 35 35 35 35 35 35 35 35 35 35 35 35 35 35 35 35 35 35 35 35 35 35 35 35 35 35 35 35 35 35 35 35 35 35 35 35 35 35 35 35 35 35 35 35 35 35 35 35 35 35 35 35 35 35 35 35 35 35 35 35 35
35 35 35 35 35 35 35 35 35 35 35 35 35 35 35 35 35 35 35 35 35 35 35 35 35 35 35 35 35 35 35 35 35 35 35 35 35 35 35 35 35 35 35 35 35 35 35 35 35 35 35 35 35 35 35 35 35 35 35 35 35 35 35 35 35 35 35 35 35 35 35 35 35 35 35 35 35 35 35 35 35 35 35 35 35 35 35 35 35 35 35 35 35 35 35 35 35 35 35 35 35 35 35 35 35 35 35 35 35 35 35 35 35 35 35 35 35 35 35 35 35 35 35 35 35 35 35 35 35 35 35 35 35 35 35 35 35
35 35 35 35 35 35 35 35 35 35 35 35 35 35 35 35 35 35 35 35 35 35 35 35 35 35 35 35 35 35 35 35 35 35 35 35 35 35 35 35 35 35 35 35 35 35 35 35 35 35 35 35 35 35 35 35 35 35 35 35 35 35 35 35 35 35 35 35 35 35 35 35 35 35 35 35 35 35 35 35 35 35 35 35 35 35 35 35 35 35 35 35 35 35 35 35 35 35 35 35 35 35 35 35 35 35 35 35 35 35 35 35 35 35 35 35 35 35 35 35 35 35 35 35 35 35 35 35 35 35 35 35 35 35 35 35 35
35 35 35 35 35 35 35 35 35 35 35 35 35 35 35 35 35 35 35 35 35 35 35 35 35 35 35 35 35 35 35 35 35 35 35 35 35 35 35 35 35 35 35 35 35 35 35 35 35 35 35 35 35 35 35 35 35 35 35 35 35 35 35 35 35 35 35 35 35 35 35 35 35 35 35 35 35 35 35 35 35 35 35 35 35 35 35 35 35 35 35 35 35 35 35 35 35 35 35 35 35 35 35 35 35 35 35 35 35 35 35 35 35 35 35 35 35 35 35 35 35 35 35 35 35 35 35 35 35 35 35 35 35 35 35 35 35
35 35 35 35 35 35 35 35 35 35 35 35 35 35 35 35 35 35 35 35 35 35 35 35 35 35 35 35 35 35 35 35 35 35 35 35 35 35 35 35 35 35 35 35 35 35 35 35 35 35 35 35 35 35 35 35 35 35 35 35 35 35 35 35 35 35 35 35 35 35 35 35 35 35 35 35 35 35 35 35 35 35 35 35 35 35 35 35 35 35 35 35 35 35 35 35 35 35 35 35 35 35 35 35 35 35 35 35 35 35 35 35 35 35 35 35 35 35 35 35 35 35 35 35 35 35 35 35 35 35 35 35 35 35 35 35 35
35 35 35 35 35 35 35 35 35 35 35 35 35 35 35 35 35 35 35 35 35 35 35 35 35 35 35 35 35 35 35 35 35 35 35 35 35 35 35 35 35 35 35 35 35 35 35 35 35 35 35 35 35 35 35 35 35 35 35 40 38 38 38 38 38 38 38 38 38 38 38 38 38 38 38 41 35 35 35 35 35 35 35 35 35 35 35 35 35 35 35 35 35 35 35 35 35 35 35 35 35 35 35 35 35 35 35 35 35 35 35 35 35 35 35 35 35 35 35 35 35 35 35 35 35 35 35 35 35 35 35 35 35 35 35 35 35
35 35 35 35 35 35 35 35 35 35 35 35 35 35 35 35 35 35 35 35 35 35 35 35 35 35 35 35 35 35 40 38 38 38 38 38 38 41 35 35 35 35 35 35 35 35 35 35 35 35 35 35 35 35 35 35 35 35 35 36  5  5  5  5  5  5  5  5  5  5  5  5  5  5  5 34 35 35 35 35 35 35 35 35 35 35 35 35 35 35 35 40 38 38 38 38 41 40 38 38 38 38 38 41 35 35 40 38 38 38 41 35 35 35 35 35 35 35 35 35 35 35 35 35 35 35 35 35 35 35 35 35 35 35 35 35 35
35 35 35 35 35 35 35 35 35 35 35 35 35 35 35 35 35 35 35 35 35 35 35 35 35 35 35 35 35 35 36  5  5 16 17 17 18 34 35 35 35 35 35 35 40 38 38 41 35 35 35 35 35 35 35 35 35 35 35 36  5 31 32 32 32 32 32 32 32 32 32 32 32 33  5 34 35 35 35 35 35 35 35 35 35 35 35 35 35 35 35 36  5  5  5  5 34 36  5  5  5  5  5 37 41 35 36  5  5  5 34 35 35 35 35 35 35 35 35 35 35 35 35 35 35 35 35 35 35 35 35 35 35 35 35 35 35
35 35 35 35 35 35 35 35 35 35 35 35 35 35 35 40 38 38 38 38 38 38 38 38 38 38 41 40 38 38 39  5 16 28 20 20 21 37 41 35 35 35 35 40 39  5  5 37 41 35 35 35 35 35 35 35 35 35 35 36  5 34 35 40 38 38 38 38 38 38 38 41 35 36  5 34 35 35 35 35 35 35 35 35 35 35 35 35 35 35 35 36  5  5  5  5 34 36  5  5  5  5  5  5 34 35 36  5  5  5 37 38 38 38 41 35 35 35 35 35 35 35 35 35 35 35 35 35 35 35 35 35 35 35 35 35 35
35 35 35 35 35 35 35 35 35 35 35 35 35 35 35 36  5  5  5  5  5  5  5  5  5  5 37 39  5  5  5 16 28 20 20 20 21  5 37 38 38 38 41 36  5  5 16 18 34 35 35 35 35 35 35 35 35 35 35 36  5 34 35 36  5  5  5  5  5  5  5 34 35 36  5 34 35 35 35 35 35 35 35 35 35 40 38 38 38 38 38 39  5  5  5  5 34 42 32 33  5  5  5  5 34 35 36  5  5  5  5  5  5  5 34 35 35 35 35 35 35 35 35 35 35 35 35 35 35 35 35 35 35 35 35 35 35
35 35 35 35 35 35 35 35 35 35 35 35 35 35 35 36  5  5  5  5  5  5  5  5  5  5  5  5  5  5  5 22 26 20 20 20 27 17 17 17 18  5 34 36  5 16 28 21 34 35 35 35 35 35 35 35 35 35 35 36  5 34 35 36  5 31 32 32 32  33 5 34 35 36  5 34 35 35 35 35 35 35 35 35 35 36  5  5  5  5  5  5  5  5  5  5 34 40 38 39  5  5  5  5 37 41 36  5  5  5 16 18  5  5 34 40 38 38 41 35 35 35 35 35 35 35 35 35 35 35 35 35 35 35 35 35 35
35 35 35 35 35 35 35 35 35 35 35 35 35 35 35 36  5  5  5 31 32 32 32 33  5  5  5  5  5  5  5  5 22 26 20 20 20 20 20 20 20 18 37 39 16 28 25 24 34 35 35 35 35 35 35 35 35 35 35 36  5 34 35 36  5 34 35 35 40  39 5 37 41 36  5 34 35 35 35 35 35 35 35 35 35 42 32 33  5  5  5  5  5  5  5  5 37 39  5  5 16 17 18  5  5 37 39  5  5  5 19 21  5  5 34 36  5  5 34 35 35 35 35 35 35 35 35 35 35 35 35 35 35 35 35 35 35
35 35 35 35 35 35 35 35 35 35 35 35 35 35 35 36  5  5  5 34 40 38 41 36  5  5  5  5  5 31 33  5  5 22 26 20 20 25 23 26 20 27 17 17 28 25 24  5 34 35 35 35 35 35 35 35 35 35 35 36  5 34 35 36  5 34 35 35 36  5  5  5 34 36  5 34 35 35 35 35 35 35 35 35 35 40 38 39  5  5  5  5  5  5  5  5  5  5  5 16 28 20 27 18  5  5  5  5  5  5 19 27 18  5 37 39  5  5 37 41 35 35 35 35 35 35 35 35 35 35 35 35 35 35 35 35 35
35 35 35 35 35 35 35 35 35 35 35 35 35 35 35 42 32 32 32 43 36  5 34 36  5  5  5  5  5 34 36  5  5  5 22 26 25 24  5 22 26 20 20 20 20 21  5  5 34 35 35 35 35 35 35 35 35 35 35 36  5 34 35 36  5 34 35 35 36  5  5  5 34 36  5 34 35 35 35 35 35 35 35 35 35 36  5  5  5 31 32 33  5  5 16 17 17 17 17 28 20 20 20 27 17 17 18  5  5  5 19 20 27 17 18  5  5  5  5 34 35 35 35 35 35 35 35 35 35 35 35 35 35 35 35 35 35
35 35 35 35 35 35 35 35 35 35 35 35 35 35 35 35 35 35 35 35 36  5 34 36  5  5  5 31 32 43 42 32 32 32 33 22 24  5  5  5 22 23 23 23 26 21  5  5 34 35 35 35 35 35 35 35 35 35 35 36  5 34 35 36  5 34 35 35 36  5  5  5 34 36  5 34 35 35 35 35 35 35 35 35 35 42 32 32 32 43 35 36  5 16 28 20 20 20 20 20  1  2  2  3 20 25 24  5  5  5 22 26 20 20 27 18  5  5  5 34 35 35 35 35 35 35 35 35 35 35 35 35 35 35 35 35 35
35 35 35 35 35 35 35 35 35 35 35 35 35 35 35 35 35 35 35 35 36  5 34 36  5  5 31 43 40 38 38 38 38 41 42 33  5  5  5  5  5  5 31 33 22 24 31 32 43 35 35 35 35 35 35 40 38 41 35 36  5 34 35 36  5 34 35 35 42 32 32 32 43 36  5 34 35 35 35 35 35 35 35 35 35 35 35 35 35 35 35 36  5 22 23 26 20 20 20 20  4 31 33  6 20 21  5  5  5  5  5 19 20 20 20 24  5 31 32 43 35 35 35 35 35 35 35 35 35 35 35 35 35 35 35 35 35
35 35 35 35 35 35 35 35 35 35 35 35 35 35 35 35 35 35 35 40 39  5 37 39 16 18 34 40 39  5  5  5  5 34 35 42 32 32 32 33  5  5 34 36  5  5 34 35 35 35 40 41 35 35 40 39  5 37 41 36  5 34 35 36  5 37 38 38 38 38 38 38 38 39  5 34 35 35 35 35 35 35 35 35 35 35 35 35 40 38 38 39  5  5  5 22 23 23 26 20  4 34 36  6 20 21  5  5  5  5  5 19 20 20 20 18 31 43 35 35 35 35 35 35 35 35 35 35 35 35 35 35 35 35 35 35 35
35 35 35 35 35 35 35 35 35 35 35 35 35 35 35 35 40 38 38 39  5 16 17 17 28 21 37 39  5  5  5  5  5 34 35 35 40 38 38 39  5  5 34 42 32 32 43 35 40 38 39 37 41 40 39  5  5  5 37 39  5 34 35 36  5  5  5  5  5  5  5  5  5  5  5 34 35 35 35 35 35 35 35 35 35 35 35 35 36  5  5  5  5  5  5  5  5  5 22 26  4 37 39  6 20 21  5 31 32 33  5 19 20 20 25 24 34 35 35 35 35 35 35 35 35 35 35 35 35 35 35 35 35 35 35 35 35
35 35 35 35 35 35 35 35 35 35 35 35 35 35 35 35 36  5  5 16 17 28 20 20 20 27 18  5  5  5 31 33  5 34 35 40 39  5  5  5  5  5 34 35 35 35 35 35 36  5  5  5 37 39  5  5  5  5  5  5  5 34 35 42 32 32 32 32 32 32 32 32 32 32 32 43 35 35 35 35 35 35 35 35 35 35 35 35 36  5  5  5  5  5  5  5  5  5  5 19  7  8  8  9 20 21  5 34 35 36  5 22 26 25 24 31 43 35 35 35 35 35 35 35 35 35 35 35 35 35 35 35 35 35 35 35 35
35 35 35 35 35 35 35 35 35 35 35 35 35 35 35 35 36  5  5 22 26 20 20 20 20 20 27 18  5 31 43 36  5 34 35 36  5  5 31 33  5  5 37 41 35 35 40 38 39  5  5  5  5  5  5  5  5  5  5  5  5 34 35 35 35 35 35 35 35 35 35 35 35 35 35 35 35 35 35 35 35 35 35 35 35 35 35 35 42 33 5  5  5  5  5 31 32 33  5 22 26 20 20 25 23 24  5 34 35 36  5  5 19 21 31 43 35 35 35 35 35 35 35 35 35 35 35 35 35 35 35 35 35 35 35 35 35
35 35 35 35 35 35 35 35 35 35 35 35 35 35 35 35 42 32 32 33 22 26 20 20 20 25 23 24  5 34 35 42 32 43 35 36  5  5 34 36  5  5  5 37 38 38 39  5  5  5  5  5  5  5  5  5  5  5  5  5  5 37 38 41 35 35 35 35 35 35 40 41 35 35 35 35 35 35 35 35 35 35 35 35 35 35 35 35 40 39 5  5  5  5 31 43 40 39  5  5 22 23 23 24 31 32 32 43 35 36  5  5 22 24 34 35 35 35 35 35 35 35 35 35 35 35 35 35 35 35 35 35 35 35 35 35 35
35 35 35 35 35 35 35 35 35 35 35 35 35 35 35 35 35 35 35 42 33 19 25 26 25 24 31 32 32 43 35 35 35 35 35 42 32 32 43 36  5  5  5  5  5  5  5  5  5  5  5  5  5  5  5  5  5  5  5  5  5  5  5 37 41 35 40 38 38 38 39 37 38 41 35 35 35 35 35 35 35 35 35 35 35 35 35 35 36 5  5  5  5 31 43 40 39  5  5  5  5  5  5  5 34 35 35 35 35 36  5  5  5  5 34 35 35 35 35 35 35 35 35 35 35 35 35 35 35 35 35 35 35 35 35 35 35
35 35 35 35 35 35 35 35 35 35 35 35 35 35 35 35 35 35 35 40 39 22 24 22 24  5 37 38 38 38 38 41 40 38 38 38 38 38 38 39  5  5  5  5  5  5  5  5  5  5  5  5  5  5  5  5  5  5  5  5  5  5  5  5 37 41 36  5  5  5  5  5  5 34 40 38 38 41 35 35 35 35 40 41 35 35 35 40 39  5  5  5 31 43 35 36  5  5  5  5  5  5  5  5 34 35 35 35 35 36  5  5  5  5 34 35 35 35 35 35 35 35 35 35 35 35 35 35 35 35 35 35 35 35 35 35 35
35 35 35 35 35 35 35 35 35 35 35 35 35 35 35 35 35 35 35 36  5  5 31 33  5  5  5  5  5  5  5 37 39  5  5  5  5  5  5  5  5 16 18  5  5  5  5  5  5  5  5  5  5  5  5  5  5  5  5  5  5  5  5  5  5 34 42 32 33  5  5  5  5 37 39  5  5 37 41 35 40 38 39 37 38 41 40 39  5  5  5 31 43 35 35 42 32 32 32 32 32 32 32 32 43 35 35 35 35 42 32 32 32 32 43 35 35 35 35 35 35 35 35 35 35 35 35 35 35 35 35 35 35 35 35 35 35
35 35 35 35 35 35 35 35 35 35 35 35 35 35 35 40 38 38 41 36  5  5 34 36  5  5 31 33  5  5  5  5  5  5  5  5  5  5  5  5 16 28 27 18  5  5  5  5  5  5  5  5  5  5  5  5  5  5  5  5 16 18 16 18  5 37 41 35 42 32 33  5  5  5  5  5  5  5 34 35 36  5  5  5  5 37 39  5  5  5 31 43 35 35 35 35 35 35 35 35 35 35 35 35 35 35 35 35 35 35 35 35 35 35 35 35 35 35 35 35 35 35 35 35 35 35 35 35 35 35 35 35 35 35 35 35 35
35 35 35 35 35 35 35 35 35 35 35 35 35 35 35 36  5  5 37 39  5  5 34 36  5  5 34 42 32 32 33  5  5  5  5 16 18 16 18 16 28 20 25 24  5  5  5  5  5  5  5  5  5  5  5  5  5  5  5 16 28 27 28 21  5  5 37 38 38 38 39  5  5  5  5  5 31 32 43 40 39  5  5 16 17 18  5  5  5 31 43 35 35 35 35 35 35 35 35 35 35 35 35 35 35 35 35 35 35 35 35 35 35 35 35 35 35 35 35 35 35 35 35 35 35 35 35 35 35 35 35 35 35 35 35 35 35
35 35 35 35 35 35 35 35 35 35 35 35 35 35 35 36  5  5  5  5  5  5 34 36  5  5 34 35 35 35 42 33  5  5  5 19 27 28 27 28 20 20 27 18  5  5  5  5  5 31 32 32 32 33  5  5 16 18 16 28 20 20 25 24  5  5  5  5  5  5  5  5  5  5  5  5 37 38 38 39  5  5  5 19 20 21  5  5 31 43 35 35 35 35 35 35 35 35 35 35 35 35 35 35 35 35 35 35 35 35 35 35 35 35 35 35 35 35 35 35 35 35 35 35 35 35 35 35 35 35 35 35 35 35 35 35 35
35 35 35 35 35 35 35 35 35 35 35 35 35 35 35 36  5  5  5  5  5 31 43 42 32 32 43 35 35 35 35 36  5  5  5 22 26 20 20 20 20 20 20 21  5  5  5  5 31 43 35 35 40 39  5  5 19 21 19 20 20 25 24  5  5  5  5  5  5  5  5  5  5  5  5  5  5  5  5  5  5  5 16 28 20 21  5  5 37 38 41 35 35 35 35 35 35 35 35 35 35 35 35 35 35 35 35 35 35 35 35 35 35 35 35 35 35 35 35 35 35 35 35 35 35 35 35 35 35 35 35 35 35 35 35 35 35
35 35 35 35 35 35 35 35 35 35 35 35 35 35 35 42 32 32 32 32 32 43 35 35 35 35 35 35 35 35 35 36  5  5  5  5 22 26 20 20 20 20 25 24  5  5  5 31 43 35 35 40 39  5  5  5 19 21 19 20 20 27 18  5  5  5  5  5  5  5  5  5  5  5  5  5  5  5  5 16 18 16 28 20 20 21  5  5  5  5 37 41 35 35 35 35 35 35 35 35 35 35 35 35 35 35 35 35 35 35 35 35 35 35 35 35 35 35 35 35 35 35 35 35 35 35 35 35 35 35 35 35 35 35 35 35 35
35 35 35 35 35 35 35 35 35 35 35 35 35 35 35 35 35 35 35 35 35 35 35 35 35 35 35 35 35 35 35 42 33  5  5  5  5 22 26 20 20 25 24  5  5  5 31 43 35 35 40 39  5  5  5 16 28 27 28 20 20 20 21  5  5  5  5  5  5  5  5  5  5  5  5  5  5 16 17 28 27 28 20 20 25 24  5  5  5  5 31 43 35 35 35 35 35 35 35 35 35 35 35 35 35 35 35 35 35 35 35 35 35 35 35 35 35 35 35 35 35 35 35 35 35 35 35 35 35 35 35 35 35 35 35 35 35
35 35 35 35 35 35 35 35 35 35 35 35 35 35 35 35 35 35 35 35 35 35 35 35 35 35 35 35 35 35 35 35 42 33  5  5  5 16 28 20 20 21  5  5  5 31 43 35 35 40 39  5  5  5 16 28 20  1  2  3 25 23 24  5  5  5  5  5  5  5  5  5  5  5  5  5  5 19 20 20 20 20 20 25 24  5  5  5  5 31 43 35 35 35 35 35 35 35 35 35 35 35 35 35 35 35 35 35 35 35 35 35 35 35 35 35 35 35 35 35 35 35 35 35 35 35 35 35 35 35 35 35 35 35 35 35 35
35 35 35 35 35 35 35 35 35 35 35 35 35 35 35 35 35 35 35 35 35 35 35 35 35 35 35 35 35 35 35 35 35 36  5  5  5 22 26 20 20 21  5  5 31 43 35 35 40 39  5  5  5  5 22 26 20  4  5  6 27 17 18  5  5  5  5  5  5  5  5  5  5  5  5  5  5 22 26 20 20 20 20 21  5  5  5  5 31 43 35 35 35 35 35 35 35 35 35 35 35 35 35 35 35 35 35 35 35 35 35 35 35 35 35 35 35 35 35 35 35 35 35 35 35 35 35 35 35 35 35 35 35 35 35 35 35
35 35 35 35 35 35 35 35 35 35 35 35 35 35 35 35 35 35 35 35 35 35 35 35 35 35 35 35 35 35 35 35 35 42 32 33  5  5 19 20 20 21  5  5 34 35 35 40 39  5  5  5  5  5  5 19 20  7  8  9 20 20 27 18  5  5  5  5  5  5  5  5  5  5  5  5  5  5 19 20 20 20 20 21  5  5  5  5 34 35 35 35 35 35 35 35 35 35 35 35 35 35 35 35 35 35 35 35 35 35 35 35 35 35 35 35 35 35 35 35 35 35 35 35 35 35 35 35 35 35 35 35 35 35 35 35 35
35 35 35 35 35 35 35 35 35 35 35 35 35 35 35 35 35 35 35 35 35 40 38 38 38 38 38 41 35 35 35 35 35 35 35 36  5  5 22 26 25 24  5  5 34 35 40 39  5  5  5  5  5  5  5 19 20 20 20 20 20 20 25 24  5  5  5  5  5  5  5  5  5  5  5  5  5  5 22 26 20 20 20 21  5  5  5  5 34 35 35 35 35 35 35 35 35 35 35 35 35 35 35 35 35 35 35 35 35 35 35 35 35 35 35 35 35 35 35 35 35 35 35 35 35 35 35 35 35 35 35 35 35 35 35 35 35
35 35 35 35 35 35 35 35 35 35 35 35 35 35 35 35 35 35 35 35 35 36 16 17 17 17 18 34 35 35 35 35 35 35 35 42 33  5  5 22 24  5  5  5 34 35 36  5  5  5  5  5  5  5  5 22 26 20 20 25 23 23 24  5  5  5  5  5 31 32 33  5  5  5  5  5  5  5  5 22 26 20 20 27 17 18  5  5 34 35 40 41 35 35 35 35 35 35 35 35 35 35 35 35 35 35 35 35 35 35 35 35 35 35 35 35 35 35 35 35 35 35 35 35 35 35 35 35 35 35 35 35 35 35 35 35 35
35 35 35 35 35 35 35 35 35 35 35 35 35 35 35 35 35 35 35 35 35 36 19 20 20 20 21 37 38 38 38 38 38 38 38 38 39  5  5  5  5  5  5  5 34 40 39  5  5  5  5  5  5  5  5 16 28 20 25 24  5  5  5  5  5  5  5 31 43 35 42 33  5  5  5  5  5  5  5  5 19 20 20 20 25 24  5  5 34 40 39 34 35 35 35 35 35 35 35 35 35 35 35 35 40 38 38 38 38 38 38 38 38 38 38 38 38 38 38 38 38 41 35 35 35 35 35 35 35 35 35 35 35 35 35 35 35
35 35 35 35 35 35 35 35 35 35 35 35 35 35 35 35 35 35 35 35 35 36 19 20 20 20 21  5  5  5  5  5  5  5  5  5  5  5  5  5  5  5  5  5 34 36  5  5  5  5  5  5  5  5  5 22 23 23 24  5  5  5  5  5  5  5  5 34 35 35 35 42 33  5  5  5  5  5  5  5 19 20 20 20 27 18  5  5 37 39  5 34 35 35 35 35 35 35 35 35 35 35 35 35 36 16 17 17 17 17 17 17 17 17 17 17 17 17 17 17 18 34 35 35 35 35 35 35 35 35 35 35 35 35 35 35 35
35 35 35 35 35 35 35 35 35 35 35 35 35 35 35 35 35 35 35 35 35 36 19 20 20 20 21 31 32 32 32 32 32 32 32 32 33  5  5  5  5  5  5  5 34 36  5  5  5  5  5  5  5  5  5  5  5  5  5  5  5  5  5  5  5  5 31 43 35 35 35 35 36  5  5  5  5  5  5  5 22 26 20 20 25 24  5  5  5  5  5 34 35 35 35 35 35 35 35 35 35 35 35 35 36 19 25 26 25 26 25 26 25 26 25 26 25 26 25 26 21 34 35 35 35 35 35 35 35 35 35 35 35 35 35 35 35
35 35 35 35 35 35 35 35 35 35 35 35 35 35 35 35 35 35 35 35 35 36 22 23 23 23 24 34 35 35 35 35 35 35 35 40 39  5  5  5  5  5  5  5 34 36  5  5  5  5  5  5  5  5  5  5  5  5  5  5  5  5  5  5  5 31 43 35 35 35 35 35 42 32 33  5  5  5  5  5  5 22 23 23 24  5  5  5  5  5  5 34 35 35 35 35 35 35 35 35 35 35 35 35 36 19 27 28 27 28 27 28 27 28 27 28 27 28 27 28 21 34 35 35 35 35 35 35 35 35 35 35 35 35 35 35 35
35 35 35 35 35 35 35 35 35 35 35 35 35 35 35 35 35 35 35 35 35 42 32 32 32 32 32 43 35 35 35 35 35 35 40 39  5  5  5  5  5  5  5  5 34 36  5  5  5  5  5  5  5  5  5  5  5  5  5  5  5  5  5  5 31 43 35 35 35 35 35 35 35 35 36  5  5  5  5  5  5  5  5  5  5  5  5  5  5  5  5 34 35 35 35 35 35 35 35 35 35 35 35 35 36 19 25 26 20 20 20 20 20 20 20 20 20 20 25 26 21 34 35 35 35 35 35 35 35 35 35 35 35 35 35 35 35
35 35 35 35 35 35 35 35 35 35 35 35 35 35 35 35 35 35 35 35 35 35 35 35 35 35 35 35 35 35 35 35 35 40 39  5  5  5  5  5  5  5  5  5 34 36  5  5  5  5  5  5  5  5  5  5  5  5  5  5  5  5  5  5 37 41 35 35 35 35 35 35 35 35 42 33  5  5  5  5  5  5  5  5  5  5  5  5  5  5  5 34 35 35 35 35 35 35 35 35 35 35 35 35 36 19 27 28 20 20 20 20 20 20 20 20 20 20 27 28 21 34 35 35 35 35 35 35 35 35 35 35 35 35 35 35 35
35 35 35 35 35 35 35 35 35 35 35 35 35 35 35 35 35 35 35 35 35 35 35 35 35 35 35 35 35 35 35 35 35 36  5  5  5  5  5  5  5  5  5  5 34 36  5  5  5  5  5  5  5  5  5  5  5  5  5  5  5  5  5  5  5 34 35 35 35 35 35 35 35 35 35 36  5  5  5  5  5  5  5  5  5  5  5  5  5  5  5 53 52 52 52 52 52 52 52 52 52 52 52 52 56 19 25 26 20 20 20  1  2  2  3 20 20 20 25 26 21 34 35 35 35 35 35 35 35 35 35 35 35 35 35 35 35
35 35 35 35 35 35 35 35 35 35 35 35 35 35 35 35 35 35 35 35 35 35 35 35 35 35 35 35 35 35 35 35 35 36  5  5  5  5  5  5  5  5  5  5 34 36  5  5  5  5  5  5  5  5  5  5  5  5  5  5  5  5  5  5  5 34 35 35 35 35 40 38 38 41 40 39  5  5  5  5  5  5  5  5  5  5  5  5  5  5  5 50 49 49 49 49 49 49 49 49 49 49 49 49 55 19 27 28 20 20 20  4  5  5  6 20 20 20 27 28 21 34 35 35 35 35 35 35 35 35 35 35 35 35 35 35 35
35 35 35 35 35 35 35 35 35 35 35 35 35 35 35 35 35 35 35 35 35 35 35 35 35 35 35 35 35 35 35 35 35 36  5 31 33  5  5  5  5  5  5  5 34 36  5  5  5  5  5  5  5  5  5  5  5  5  5  5  5  5  5  5  5 34 35 40 38 38 39  5  5 37 39  5  5  5  5  5  5  5  5  5  5  5  5  5  5  5  5 50 49 49 49 49 49 49 49 49 49 49 49 49 55 19 25 26 20 20 20  4  5  5  6 20 20 20 25 26 21 34 35 35 35 35 35 35 35 35 35 35 35 35 35 35 35
35 35 35 35 35 35 35 35 35 35 35 35 35 35 35 35 35 35 35 35 35 35 35 35 35 35 35 35 35 35 35 35 35 42 32 43 36  5  5  5  5  5  5  5 34 42 32 32 32 32 32 33  5  5  5  5  5  5  5  5  5  5  5  5  5 37 41 36  5  5  5  5  5  5  5  5  5  5  5  5  5  5  5  5  5  5  5  5  5  5  5 48 47 47 47 47 47 47 47 47 47 47 47 47 54 19 27 28 20 20 20  7  8  8  9 20 20 20 27 28 21 34 35 35 35 35 35 35 35 35 35 35 35 35 35 35 35
35 35 35 35 35 35 35 35 35 35 35 35 35 35 35 35 35 35 35 35 35 35 35 35 35 35 35 35 35 35 35 35 35 40 38 41 36  5  5  5 16 17 18  5 37 38 38 38 38 38 41 42 33  5  5  5  5  5  5  5  5  5  5  5  5  5 37 39  5  5  5  5  5  5  5  5  5  5  5  5  5  5  5  5  5  5  5  5  5 31 32 43 35 35 35 35 35 35 35 35 35 35 35 35 36 19 25 26 20 20 20 20 20 20 20 20 20 20 25 26 21 34 35 35 35 35 35 35 35 35 35 35 35 35 35 35 35
35 35 35 35 35 35 35 35 35 35 35 35 35 35 35 35 35 35 35 35 35 35 35 35 35 35 35 35 35 35 35 35 35 36  5 37 39  5  5 16 28 20 27 17 17 17 18  5  5  5 37 41 42 33  5  5  5  5  5  5  5  5  5  5  5  5  5  5  5  5  5  5  5  5  5  5  5  5  5  5  5  5  5  5  5  5  5  5 31 43 35 35 35 35 35 35 35 35 35 35 35 35 35 35 36 19 27 28 20 20 20 20 20 20 20 20 20 20 27 28 21 34 35 35 35 35 35 35 35 35 35 35 35 35 35 35 35
35 35 35 35 35 35 35 35 35 35 35 35 35 35 35 35 35 35 35 35 35 35 35 35 35 35 35 35 35 35 35 35 35 36  5  5  5  5 16 28 20 20 20 20 20 20 27 18  5  5  5 37 41 42 33  5  5  5  5  5  5  5  5  5  5  5  5  5  5 16 17 17 18  5  5  5  5  5  5  5  5  5  5  5  5  5  5 31 43 35 35 35 35 35 35 35 35 35 35 35 35 35 35 35 36 19 25 26 25 26 25 26 25 26 25 26 25 26 25 26 21 34 35 35 35 35 35 35 35 35 35 35 35 35 35 35 35
35 35 35 35 35 35 35 35 35 35 35 35 35 35 35 35 35 35 35 35 35 35 35 35 35 35 35 35 35 35 35 35 35 36  5  5  5 16 28 20 20 20 20 20 20 20 20 27 18  5  5  5 37 41 42 33  5  5  5  5  5  5  5  5  5  5  5  5 16 28 20 20 21  5  5  5  5  5  5  5  5  5  5  5  5  5  5 34 35 35 35 35 35 35 35 35 35 35 35 35 35 35 35 35 36 19 27 28 27 28 27 28 27 28 27 28 27 28 27 28 21 34 35 35 35 35 35 35 35 35 35 35 35 35 35 35 35
35 35 35 35 35 35 35 35 35 35 35 35 35 35 35 35 35 35 35 35 35 35 35 35 35 35 35 35 35 35 35 35 35 36  5  5 16 28 20 20 20 20 20 20 20 20 20 20 21  5  5  5  5 37 41 42 33  5  5  5  5  5  5  5  5  5 16 17 28 20 20 20 27 17 17 18  5  5  5  5  5  5  5  5  5  5 31 43 35 35 35 35 35 35 35 35 35 35 35 35 35 35 35 35 36 22 23 23 23 23 23 23 23 23 23 23 23 23 23 23 24 34 35 35 35 35 35 35 35 35 35 35 35 35 35 35 35
35 35 35 35 35 35 35 35 35 35 35 35 35 35 35 35 35 35 35 35 35 35 35 35 35 35 35 35 35 35 35 35 35 36  5 16 28 20 20 20 25 24 22 26 20 20 20 20 21  5  5  5  5  5 37 41 42 33  5  5  5  5  5  5  5  5 19 20 20 20 20 20 20 20 20 27 17 18  5  5  5  5  5  5  5 31 43 35 35 35 35 35 35 35 35 35 35 35 35 35 35 35 35 35 42 32 32 32 32 32 32 32 32 32 32 32 32 32 32 32 32 43 35 35 35 35 35 35 35 35 35 35 35 35 35 35 35
35 35 35 35 35 35 35 35 35 35 35 35 35 35 35 35 35 35 35 35 35 35 35 35 35 35 35 35 35 35 35 35 35 36  5 19 20 20 20 20 21  5  5 22 26 20 20 20 27 17 17  18 5  5  5 37 41 42 33  5  5  5  5  5  5  5 22 26 20 20 20 20 20 20 20 20 20 21  5  5  5  5  5  5  5 34 35 35 35 35 35 35 35 35 35 35 35 35 35 35 35 35 35 35 35 35 35 35 35 35 35 35 35 35 35 35 35 35 35 35 35 35 35 35 35 35 35 35 35 35 35 35 35 35 35 35 35
35 35 35 35 35 35 35 35 35 35 35 35 35 35 35 35 35 35 35 35 35 35 35 35 35 35 35 35 35 35 35 35 35 36  5 22 20 20 20 20 21  5  5  5 22 26 20 20 20 25 23  24 5  5  5  5 37 41 42 33  5  5  5  5  5  5  5 19 20 25 26 20 20 20 20 20 20 21  5  5  5  5 31 32 32 43 35 35 35 35 35 35 35 35 35 35 35 35 35 35 35 35 35 35 35 35 35 35 35 35 35 35 35 35 35 35 35 35 35 35 35 35 35 35 35 35 35 35 35 35 35 35 35 35 35 35 35
35 35 35 35 35 35 35 35 35 35 35 35 35 35 35 35 35 35 35 35 35 35 35 35 35 35 35 35 35 35 35 35 35 42 32 33 22 26 20 20 21  5  5  5  5 22 26 20 25 24  5  5  5  5  5  5  5 37 41 42 33  5  5  5  5  5  5 19 20 21 19 20 25 23 23 26 20 21  5  5 31 32 43 35 35 35 35 35 35 35 35 35 35 35 35 35 35 35 35 35 35 35 35 35 35 35 35 35 35 35 35 35 35 35 35 35 35 35 35 35 35 35 35 35 35 35 35 35 35 35 35 35 35 35 35 35 35
35 35 35 35 35 35 35 35 35 35 35 35 35 35 35 35 35 35 35 35 35 35 35 35 35 35 35 35 35 35 35 35 35 40 38 39  5 22 26 20 21  5  5  5  5  5 22 26 21  5  5  5  5  5  5  5  5  5 37 41 42 33  5  5  5  5  5 22 23 24 19 20 21  5  5 22 23 24  5  5 37 38 38 41 35 35 35 35 35 35 35 35 35 35 35 35 35 35 35 35 35 35 35 35 35 35 35 35 35 35 35 35 35 35 35 35 35 35 35 35 35 35 35 35 35 35 35 35 35 35 35 35 35 35 35 35 35
35 35 35 35 35 35 35 35 35 35 35 35 35 35 35 35 35 35 35 35 35 35 35 35 35 35 35 35 35 35 35 35 35 42 33  5  5  5 22 23 24  5  5  5  5  5  5 22 27 17 17 18  5  5  5  5  5  5  5 37 41 42 33  5  5  5  5  5  5  5 22 23 24  5  5  5  5  5  5  5  5  5  5 34 35 35 35 35 35 35 35 35 35 35 35 35 35 35 35 35 35 35 35 35 35 35 35 35 35 35 35 35 35 35 35 35 35 35 35 35 35 35 35 35 35 35 35 35 35 35 35 35 35 35 35 35 35
35 35 35 35 35 35 35 35 35 35 35 35 35 35 35 35 35 35 35 35 35 35 35 35 35 35 35 35 35 35 35 35 35 35 42 32 33  5  5  5  5  5  5 31 32 33  5  5 22 23 23 24  5  5 31 33  5  5 31 32 43 35 42 33  5  5  5  5  5  5  5  5 31 33  5 31 33  5  5  5  5  5  5 37 41 35 35 35 35 35 35 35 35 35 35 35 35 35 35 35 35 35 35 35 35 35 35 35 35 35 35 35 35 35 35 35 35 35 35 35 35 35 35 35 35 35 35 35 35 35 35 35 35 35 35 35 35
35 35 35 35 35 35 35 35 35 35 35 35 35 35 35 35 35 35 35 35 35 35 35 35 35 35 35 35 35 35 35 35 35 35 35 35 42 33  5  5  5  5  5 34 40 39  5  5  5  5  5  5  5 31 43 42 33 31 43 35 35 35 35 42 33  5  5  5  5  5  5 31 43 36  5 34 42 33  5  5  5  5  5 31 43 35 35 35 35 35 35 35 35 35 35 35 35 35 35 35 35 35 35 35 35 35 35 35 35 35 35 35 35 35 35 35 35 35 35 35 35 35 35 35 35 35 35 35 35 35 35 35 35 35 35 35 35
35 35 35 35 35 35 35 35 35 35 35 35 35 35 35 35 35 35 35 35 35 35 35 35 35 35 35 35 35 35 35 35 35 35 35 35 35 42 33  5  5  5  5 34 36  5  5  5  5  5  5  5 31 43 35 35 42 43 35 35 35 35 35 35 42 33  5  5  5  5 31 43 35 36  5 34 35 42 33  5  5  5  5 34 35 35 35 35 35 35 35 35 35 35 35 35 35 35 35 35 35 35 35 35 35 35 35 35 35 35 35 35 35 35 35 35 35 35 35 35 35 35 35 35 35 35 35 35 35 35 35 35 35 35 35 35 35
35 35 35 35 35 35 35 35 35 35 35 35 35 35 35 35 35 35 35 35 35 35 35 35 35 35 35 35 35 35 35 35 35 35 35 35 35 35 42 32 32 32 32 43 42 32 32 32 32 32 32 32 43 35 35 35 35 35 35 35 35 35 35 35 35 42 32 32 32 32 43 35 35 36  5 34 35 35 42 32 32 32 32 43 35 35 35 35 35 35 35 35 35 35 35 35 35 35 35 35 35 35 35 35 35 35 35 35 35 35 35 35 35 35 35 35 35 35 35 35 35 35 35 35 35 35 35 35 35 35 35 35 35 35 35 35 35
35 35 35 35 35 35 35 35 35 35 35 35 35 35 35 35 35 35 35 35 35 35 35 35 35 35 35 35 35 35 35 35 35 35 35 35 35 35 35 35 35 35 35 35 35 35 35 35 35 35 35 35 35 35 35 35 35 35 35 35 35 35 35 35 35 35 35 35 35 35 35 35 35 36  5 34 35 35 35 35 35 35 35 35 35 35 35 35 35 35 35 35 35 35 35 35 35 35 35 35 35 35 35 35 35 35 35 35 35 35 35 35 35 35 35 35 35 35 35 35 35 35 35 35 35 35 35 35 35 35 35 35 35 35 35 35 35
35 35 35 35 35 35 35 35 35 35 35 35 35 35 35 35 35 35 35 35 35 35 35 35 35 35 35 35 35 35 35 35 35 35 35 35 35 35 35 35 35 35 35 35 35 35 35 35 35 35 35 35 35 35 35 35 35 35 35 35 35 35 35 35 35 35 35 35 35 35 35 35 35 36  5 34 35 35 35 35 35 35 35 35 35 35 35 35 35 35 35 35 35 35 35 35 35 35 35 35 35 35 35 35 35 35 35 35 35 35 35 35 35 35 35 35 35 35 35 35 35 35 35 35 35 35 35 35 35 35 35 35 35 35 35 35 35
35 35 35 35 35 35 35 35 35 35 35 35 35 35 35 35 35 35 35 35 35 35 35 35 35 35 35 35 35 35 35 35 35 35 35 35 35 35 35 35 35 35 35 35 35 35 35 35 35 35 35 35 35 35 35 35 35 35 35 35 35 35 35 35 35 35 35 40 38 38 38 38 38 39  5 37 38 38 38 41 40 38 38 41 35 35 35 35 35 35 35 35 35 35 35 35 35 35 35 35 35 35 35 35 35 35 35 35 35 35 35 35 35 35 35 35 35 35 35 35 35 35 35 35 35 35 35 35 35 35 35 35 35 35 35 35 35
35 35 35 35 35 35 35 35 35 35 35 35 35 35 35 35 35 35 35 35 35 35 35 35 35 35 35 35 35 35 35 35 35 35 35 35 35 35 35 35 35 35 35 35 35 35 35 35 35 35 35 35 35 35 35 35 35 35 35 35 35 35 35 35 35 35 40 39  5  5  5  5  5  5  5  5  5  5  5 34 36  5  5 37 38 38 38 41 35 35 35 35 35 35 35 35 35 35 35 35 35 35 35 35 35 35 35 35 35 35 35 35 35 35 35 35 35 35 35 35 35 35 35 35 35 35 35 35 35 35 35 35 35 35 35 35 35
35 35 35 35 35 35 35 35 35 35 35 35 35 35 35 35 35 35 35 35 35 35 35 35 35 35 35 35 35 35 35 35 35 35 35 35 35 35 35 35 35 35 35 35 35 35 35 35 35 35 35 35 35 35 35 35 35 35 35 35 35 35 35 35 35 40 39  5  5  5  5  5  5  5  5  5  5  5  5 34 36  5  5  5  5  5  5 34 35 35 35 35 35 35 35 35 35 35 35 35 35 35 35 35 35 35 35 35 35 35 35 35 35 35 35 35 35 35 35 35 35 35 35 35 35 35 35 35 35 35 35 35 35 35 35 35 35
35 35 35 35 35 35 35 35 35 35 35 35 35 35 35 35 35 35 35 35 35 35 35 35 35 35 35 35 35 35 35 35 35 35 35 35 35 35 35 35 35 35 35 35 35 35 35 35 35 35 35 35 35 35 35 35 35 35 35 35 35 35 35 35 35 36  5  5  5  5  5  5  5  5  5  5  5 31 32 43 36  5  5  5  5  5  5 34 35 35 35 35 35 35 35 35 35 35 35 35 35 35 35 35 35 35 35 35 35 35 35 35 35 35 35 35 35 35 35 35 35 35 35 35 35 35 35 35 35 35 35 35 35 35 35 35 35
35 35 35 35 35 35 35 35 35 35 35 35 35 35 35 35 35 35 35 35 35 35 35 35 35 35 35 35 35 35 35 35 35 35 35 35 35 35 35 35 35 35 35 35 35 35 35 35 35 35 35 35 35 35 35 35 35 35 35 35 35 35 35 35 35 36  5  5  5  5  5  5  5  5  5  5  5 34 35 35 36  5  5  5  5 31 32 43 35 35 35 35 35 35 35 35 35 35 35 35 35 35 35 35 35 35 35 35 35 35 35 35 35 35 35 35 35 35 35 35 35 35 35 35 35 35 35 35 35 35 35 35 35 35 35 35 35
35 35 35 35 35 35 35 35 35 35 35 35 35 35 35 35 35 35 35 35 35 35 35 35 35 35 35 35 35 35 35 35 35 35 35 35 35 35 35 35 35 35 35 35 35 35 35 35 35 35 35 35 35 35 35 35 35 35 35 35 35 35 35 35 35 42 32 32 33  5  5  5  5  5  5  5  5 37 38 38 39  5  5  5  5 37 38 41 35 35 35 35 35 35 35 35 35 35 35 35 35 35 35 35 35 35 35 35 35 35 35 35 35 35 35 35 35 35 35 35 35 35 35 35 35 35 35 35 35 35 35 35 35 35 35 35 35
35 35 35 35 35 35 35 35 35 35 35 35 35 35 35 35 35 35 35 35 35 35 35 35 35 35 35 35 35 35 35 35 35 35 35 35 35 35 35 35 35 35 35 35 35 35 35 35 35 35 35 35 35 35 35 35 35 35 35 35 35 35 35 35 35 35 35 35 36  5  5  5  5  5  5  5  5  5  5  5  5  5  5  5  5  5  5 34 35 35 35 35 35 35 35 35 35 35 35 35 35 35 35 35 35 35 35 35 35 35 35 35 35 35 35 35 35 35 35 35 35 35 35 35 35 35 35 35 35 35 35 35 35 35 35 35 35
35 35 35 35 35 35 35 35 35 35 35 35 35 35 35 35 35 35 35 35 35 35 35 35 35 35 35 35 35 35 35 35 35 35 35 35 35 35 35 35 35 35 35 35 35 35 35 35 35 35 35 35 35 35 35 35 35 35 35 35 35 35 35 35 35 35 40 38 39  5  5  5  5  5  5  5  5  5  5  5  5  5  5  5  5  5  5 34 35 35 35 35 35 35 35 35 35 35 35 35 35 35 35 35 35 35 35 35 35 35 35 35 35 35 35 35 35 35 35 35 35 35 35 35 35 35 35 35 35 35 35 35 35 35 35 35 35
35 35 35 35 35 35 35 35 35 35 35 35 35 35 35 35 35 35 35 35 35 35 35 35 35 35 35 35 35 35 35 35 35 35 35 35 35 35 35 35 35 35 35 35 35 35 35 35 35 35 35 35 35 35 35 35 35 35 35 35 35 35 35 35 35 40 39  5  5  5  5  5  5  5  5  5  5  5  5  5  5  5  5 31 33  5 31 43 35 35 35 35 35 35 35 35 35 35 35 35 35 35 35 35 35 35 35 35 35 35 35 35 35 35 35 35 35 35 35 35 35 35 35 35 35 35 35 35 35 35 35 35 35 35 35 35 35
35 35 35 35 35 35 35 35 35 35 35 35 35 35 35 35 35 35 35 35 35 35 35 35 35 35 35 35 35 35 35 35 35 35 35 35 35 35 35 35 35 35 35 35 35 35 35 35 35 35 35 35 35 35 35 35 35 35 35 35 35 35 35 35 35 36  5  5  5  5  5 31 33  5  5  5 31 32 32 33  5  5  5 34 36  5 34 35 35 35 35 35 35 35 35 35 35 35 35 35 35 35 35 35 35 35 35 35 35 35 35 35 35 35 35 35 35 35 35 35 35 35 35 35 35 35 35 35 35 35 35 35 35 35 35 35 35
35 35 35 35 35 35 35 35 35 35 35 35 35 35 35 35 35 35 35 35 35 35 35 35 35 35 35 35 35 35 35 35 35 35 35 35 35 35 35 35 35 35 35 35 35 35 35 35 35 35 35 35 35 35 35 35 35 35 35 35 35 35 35 35 35 36  5  5  5  5  5 34 36  5  5  5 37 41 35 42 33  5  5 37 39  5 34 35 35 35 35 35 35 35 35 35 35 35 35 35 35 35 35 35 35 35 35 35 35 35 35 35 35 35 35 35 35 35 35 35 35 35 35 35 35 35 35 35 35 35 35 35 35 35 35 35 35
35 35 35 35 35 35 35 35 35 35 35 35 35 35 35 35 35 35 35 35 35 35 35 35 35 35 35 35 35 35 35 35 35 35 35 35 35 35 35 35 35 35 35 35 35 35 35 35 35 35 35 35 35 35 35 35 35 35 35 35 35 35 35 35 35 42 32 33  5  5  5 34 36  5  5  5  5 37 41 35 42 33  5  5  5  5 34 35 35 35 35 35 35 35 35 35 35 35 35 35 35 35 35 35 35 35 35 35 35 35 35 35 35 35 35 35 35 35 35 35 35 35 35 35 35 35 35 35 35 35 35 35 35 35 35 35 35
35 35 35 35 35 35 35 35 35 35 35 35 35 35 35 35 35 35 35 35 35 35 35 35 35 35 35 35 35 35 35 35 35 35 35 35 35 35 35 35 35 35 35 35 35 35 35 35 35 35 35 35 35 35 35 35 35 35 35 35 35 35 35 35 35 35 35 42 33  5  5 34 36  5  5  5  5  5 37 41 35 42 33 31 32 32 43 35 35 35 35 35 35 35 35 35 35 35 35 35 35 35 35 35 35 35 35 35 35 35 35 35 35 35 35 35 35 35 35 35 35 35 35 35 35 35 35 35 35 35 35 35 35 35 35 35 35
35 35 35 35 35 35 35 35 35 35 35 35 35 35 35 35 35 35 35 35 35 35 35 35 35 35 35 35 35 35 35 35 35 35 35 35 35 35 35 35 35 35 35 35 35 35 35 35 35 35 35 35 35 35 35 35 35 35 35 35 35 35 35 35 35 35 35 35 42 32 32 43 42 32 32 32 32 32 32 43 35 35 42 43 35 35 35 35 35 35 35 35 35 35 35 35 35 35 35 35 35 35 35 35 35 35 35 35 35 35 35 35 35 35 35 35 35 35 35 35 35 35 35 35 35 35 35 35 35 35 35 35 35 35 35 35 35
35 35 35 35 35 35 35 35 35 35 35 35 35 35 35 35 35 35 35 35 35 35 35 35 35 35 35 35 35 35 35 35 35 35 35 35 35 35 35 35 35 35 35 35 35 35 35 35 35 35 35 35 35 35 35 35 35 35 35 35 35 35 35 35 35 35 35 35 35 35 35 35 35 35 35 35 35 35 35 35 35 35 35 35 35 35 35 35 35 35 35 35 35 35 35 35 35 35 35 35 35 35 35 35 35 35 35 35 35 35 35 35 35 35 35 35 35 35 35 35 35 35 35 35 35 35 35 35 35 35 35 35 35 35 35 35 35
35 35 35 35 35 35 35 35 35 35 35 35 35 35 35 35 35 35 35 35 35 35 35 35 35 35 35 35 35 35 35 35 35 35 35 35 35 35 35 35 35 35 35 35 35 35 35 35 35 35 35 35 35 35 35 35 35 35 35 35 35 35 35 35 35 35 35 35 35 35 35 35 35 35 35 35 35 35 35 35 35 35 35 35 35 35 35 35 35 35 35 35 35 35 35 35 35 35 35 35 35 35 35 35 35 35 35 35 35 35 35 35 35 35 35 35 35 35 35 35 35 35 35 35 35 35 35 35 35 35 35 35 35 35 35 35 35
35 35 35 35 35 35 35 35 35 35 35 35 35 35 35 35 35 35 35 35 35 35 35 35 35 35 35 35 35 35 35 35 35 35 35 35 35 35 35 35 35 35 35 35 35 35 35 35 35 35 35 35 35 35 35 35 35 35 35 35 35 35 35 35 35 35 35 35 35 35 35 35 35 35 35 35 35 35 35 35 35 35 35 35 35 35 35 35 35 35 35 35 35 35 35 35 35 35 35 35 35 35 35 35 35 35 35 35 35 35 35 35 35 35 35 35 35 35 35 35 35 35 35 35 35 35 35 35 35 35 35 35 35 35 35 35 35
35 35 35 35 35 35 35 35 35 35 35 35 35 35 35 35 35 35 35 35 35 35 35 35 35 35 35 35 35 35 35 35 35 35 35 35 35 35 35 35 35 35 35 35 35 35 35 35 35 35 35 35 35 35 35 35 35 35 35 35 35 35 35 35 35 35 35 35 35 35 35 35 35 35 35 35 35 35 35 35 35 35 35 35 35 35 35 35 35 35 35 35 35 35 35 35 35 35 35 35 35 35 35 35 35 35 35 35 35 35 35 35 35 35 35 35 35 35 35 35 35 35 35 35 35 35 35 35 35 35 35 35 35 35 35 35 35
35 35 35 35 35 35 35 35 35 35 35 35 35 35 35 35 35 35 35 35 35 35 35 35 35 35 35 35 35 35 35 35 35 35 35 35 35 35 35 35 35 35 35 35 35 35 35 35 35 35 35 35 35 35 35 35 35 35 35 35 35 35 35 35 35 35 35 35 35 35 35 35 35 35 35 35 35 35 35 35 35 35 35 35 35 35 35 35 35 35 35 35 35 35 35 35 35 35 35 35 35 35 35 35 35 35 35 35 35 35 35 35 35 35 35 35 35 35 35 35 35 35 35 35 35 35 35 35 35 35 35 35 35 35 35 35 35
35 35 35 35 35 35 35 35 35 35 35 35 35 35 35 35 35 35 35 35 35 35 35 35 35 35 35 35 35 35 35 35 35 35 35 35 35 35 35 35 35 35 35 35 35 35 35 35 35 35 35 35 35 35 35 35 35 35 35 35 35 35 35 35 35 35 35 35 35 35 35 35 35 35 35 35 35 35 35 35 35 35 35 35 35 35 35 35 35 35 35 35 35 35 35 35 35 35 35 35 35 35 35 35 35 35 35 35 35 35 35 35 35 35 35 35 35 35 35 35 35 35 35 35 35 35 35 35 35 35 35 35 35 35 35 35 35
35 35 35 35 35 35 35 35 35 35 35 35 35 35 35 35 35 35 35 35 35 35 35 35 35 35 35 35 35 35 35 35 35 35 35 35 35 35 35 35 35 35 35 35 35 35 35 35 35 35 35 35 35 35 35 35 35 35 35 35 35 35 35 35 35 35 35 35 35 35 35 35 35 35 35 35 35 35 35 35 35 35 35 35 35 35 35 35 35 35 35 35 35 35 35 35 35 35 35 35 35 35 35 35 35 35 35 35 35 35 35 35 35 35 35 35 35 35 35 35 35 35 35 35 35 35 35 35 35 35 35 35 35 35 35 35 35
35 35 35 35 35 35 35 35 35 35 35 35 35 35 35 35 35 35 35 35 35 35 35 35 35 35 35 35 35 35 35 35 35 35 35 35 35 35 35 35 35 35 35 35 35 35 35 35 35 35 35 35 35 35 35 35 35 35 35 35 35 35 35 35 35 35 35 35 35 35 35 35 35 35 35 35 35 35 35 35 35 35 35 35 35 35 35 35 35 35 35 35 35 35 35 35 35 35 35 35 35 35 35 35 35 35 35 35 35 35 35 35 35 35 35 35 35 35 35 35 35 35 35 35 35 35 35 35 35 35 35 35 35 35 35 35 35
35 35 35 35 35 35 35 35 35 35 35 35 35 35 35 35 35 35 35 35 35 35 35 35 35 35 35 35 35 35 35 35 35 35 35 35 35 35 35 35 35 35 35 35 35 35 35 35 35 35 35 35 35 35 35 35 35 35 35 35 35 35 35 35 35 35 35 35 35 35 35 35 35 35 35 35 35 35 35 35 35 35 35 35 35 35 35 35 35 35 35 35 35 35 35 35 35 35 35 35 35 35 35 35 35 35 35 35 35 35 35 35 35 35 35 35 35 35 35 35 35 35 35 35 35 35 35 35 35 35 35 35 35 35 35 35 35
35 35 35 35 35 35 35 35 35 35 35 35 35 35 35 35 35 35 35 35 35 35 35 35 35 35 35 35 35 35 35 35 35 35 35 35 35 35 35 35 35 35 35 35 35 35 35 35 35 35 35 35 35 35 35 35 35 35 35 35 35 35 35 35 35 35 35 35 35 35 35 35 35 35 35 35 35 35 35 35 35 35 35 35 35 35 35 35 35 35 35 35 35 35 35 35 35 35 35 35 35 35 35 35 35 35 35 35 35 35 35 35 35 35 35 35 35 35 35 35 35 35 35 35 35 35 35 35 35 35 35 35 35 35 35 35 35