1 0 0 64 64
2 64 0 64 64
3 128 0 64 64
4 0 64 64 64
5 64 64 64 64
6 128 64 64 64 
7 0 128 64 64
8 64 128 64 64
9 128 128 64 64
10 192 0 64 64
11 256 0 64 64
12 192 64 64 64
13 256 64 64 64
14 192 128 64 64
15 256 128 64 64
16 320 0 64 64
17 384 0 64 64
18 448 0 64 64
19 320 64 64 64
20 384 64 64 64
21 448 64 64 64
22 320 128 64 64
23 384 128 64 64
24 448 128 64 64
25 512 0 64 64
26 576 0 64 64
27 512 64 64 64
28 576 64 64 64
29 512 128 64 64
30 576 128 64 64
31 640 0 64 64
32 704 0 64 64
33 768 0 64 64
34 640 64 64 64
35 704 64 64 64
36 768 64 64 64
37 640 128 64 64
38 704 128 64 64
39 768 128 64 64
40 832 0 64 64
41 896 0 64 64
42 832 64 64 64
43 896 64 64 64
44 832 128 64 64
45 896 128 64 64
46 960 64 64 64