0 0 64 64
64 0 64 64
128 0 64 64
0 64 64 64
64 64 64 64
128 64 64 64
0 128 64 64
64 128 64 64
128 128 64 64

192 0 64 64
256 0 64 64
192 64 64 64
256 64 64 64 
192 128 64 64
256 128 64 64

320 0 64 64
384 0 64 64
448 0 64 64
320 64 64 64
384 64 64 64
448 64 64 64
320 128 64 64
384 128 64 64
448 128 64 64

512 0 64 64
576 0 64 64 
512 64 64 64
576 64 64 64

640 0 64 64
704 0 64 64 
768 0 64 64
640 64 64 64
704 64 64 64
768 64 64 64
640 128 64 64
704 128 64 64
768 128 64 64

832 0 64 64
896 0 64 64
832 64 64 64 
896 64 64 64